174.7406006 299.1658936 32
177.0345612 306.433197 33
179.2941132 313.6859436 34
214.7042236 357.1080933 35
217.4328461 359.5610352 36
216.8375702 359.0388489 37
214.4972992 355.6628723 38
213.7659912 355.773468 39
211.2168121 355.3708801 40
212.6103058 355.9646912 41
212.4256897 357.3960571 42
215.889389 359.5911255 43
215.0846252 358.3311768 44
213.8509674 355.7626038 46
220.7434082 351.6131592 54
191.972168 326.5141907 63
189.6281586 325.4445496 64
202.2483673 300.6883545 66
201.012558 298.5289307 67
200.9185791 292.5555115 68
200.8690948 285.1386719 69
197.4154053 282.8927612 70
196.0102539 276.8900452 71
163.189743 291.1125183 32
164.0824432 299.0273132 33
165.5261688 305.7687073 34
166.1129303 307.137085 35
203.4792786 354.8481445 36
197.08992 347.2631531 38
157.0020752 287.6871033 65
177.6512756 281.982605 67
179.9756317 278.3399658 68
181.7821198 272.9848938 69
182.2443848 271.5187378 70
182.7689056 270.7565613 71
159.6920776 293.2442932 34
151.027832 252.1316223 48
165.1454773 262.5759277 67
167.4998779 259.1911011 68
169.2281647 259.1021423 69
172.4212036 258.4787598 70
177.1062317 261.2697449 71
162.960434 274.2416077 33
162.1438599 278.3452759 34
159.6929474 274.6810608 35
158.0101471 273.239624 36
156.6526642 269.2824097 37
163.0952911 257.8848267 39
161.5121765 231.4770203 46
154.2901154 221.068985 52
157.0223694 214.4568176 59
159.182785 226.4582672 65
159.7512665 231.2397003 66
160.724411 235.2802734 67
165.213974 239.6983032 68
166.5728912 239.7726135 69
170.8505554 242.676712 70
176.5791016 248.5349426 71
177.6768799 270.0404968 33
175.9338074 271.5114441 34
172.975708 262.3746643 35
171.6964722 257.355011 36
182.3699646 233.2928009 43
182.6691284 230.3347778 44
184.0183563 224.0503693 45
184.6043701 216.3492432 46
186.3216553 211.291748 47
185.1327667 207.3490295 48
186.8209534 204.1741943 50
189.1199799 199.9725952 52
193.1967773 196.7728424 53
194.3406677 195.723587 54
189.4933624 195.2069702 55
192.8352661 193.8302002 56
187.7546539 193.1622009 57
185.9019623 193.7973785 58
186.3424988 195.2887573 59
186.0487823 195.5895996 60
188.8123016 196.5191803 61
191.013031 197.5567322 62
190.7381134 200.332901 63
177.8848419 210.4865417 66
179.6122131 216.2127228 67
179.4967651 219.156189 68
180.7977142 225.7363586 69
182.2119751 229.365097 70
184.7155914 243.3126068 71
187.0246277 276.9260559 33
186.8497925 277.4949036 34
184.9329834 268.3370972 35
193.4431152 265.0383301 38
201.3074188 261.3598022 39
207.5710602 260.3196716 40
208.3208313 262.1574402 42
198.1629944 242.9606171 45
200.81633 231.8856964 47
202.3748322 225.8373871 48
198.5159302 222.7635956 49
195.6513824 225.2214966 50
197.6407471 222.2577057 51
199.5471649 216.948288 55
201.2632446 212.7481842 57
199.7077789 214.0644989 58
203.9933319 214.8168335 59
205.857254 222.0918732 62
205.2603149 224.2989044 63
197.060791 246.0133514 71
189.9919434 285.3541565 33
193.3364258 287.0067139 34
190.7805786 281.3458252 35
191.562439 283.8063049 36
192.1459808 283.771759 37
194.7472687 285.4902344 38
207.3028564 282.6272888 39
212.9431 251.4479218 66
209.3292847 247.5749359 67
214.1594696 245.4742584 68
213.6705322 248.4994049 69
213.3013611 253.9485779 70
203.2167053 254.413681 71
184.5940857 292.7356567 32
189.0565643 297.6421814 33
191.8746185 300.4930115 34
193.6941528 296.5023804 35
223.2655029 343.1525269 36
214.021347 273.8578186 66
213.266922 271.2658997 67
214.9407043 266.3502502 68
212.0759277 263.5757141 69
211.3636322 266.0870972 70
204.8230743 266.4406738 71
219.145874 350.073761 53
177.662674 312.1283875 65
203.3349915 352.9841003 37
155.6646118 304.7676697 39
164.4744873 307.3834839 63
177.7688904 283.381073 66
159.384613 280.3015442 32
159.8418732 285.2728271 33
159.0597687 292.8770142 35
157.4186401 287.0599976 37
155.5844727 282.2819214 38
156.5719604 278.2192688 40
154.1499176 252.1682587 64
155.0626984 252.0074921 65
163.6151123 255.5782928 40
162.5816345 253.6995544 43
159.5784454 247.901947 44
159.141983 239.9051819 45
160.7272797 226.5101013 47
157.2294006 222.4857788 49
149.1629028 224.5619965 53
155.7162323 217.4157715 60
158.020462 224.8392487 64
170.7690125 253.9338837 37
183.4604187 246.5013428 38
192.6822815 237.552002 42
184.0794067 203.1423035 49
190.9381409 201.3570251 51
191.5277863 204.3748932 64
184.2250061 277.6305542 32
185.9180603 267.1564331 36
208.0094757 260.6466064 41
197.6926727 249.5178528 44
199.5052032 233.1755219 46
197.229248 221.4181976 52
198.838974 220.3190308 54
203.8283234 232.5755615 67
212.5025787 287.277771 42
194.4839935 299.2684021 37
145.431839 246.0718384 54
148.8011322 249.1630554 61
164.2245483 271.6809082 32
160.0082092 254.3517456 41
155.7784119 219.4435425 61
160.2528839 216.1118011 62
182.7163696 241.7455597 39
202.2860413 217.0459442 56
199.4972076 215.3650055 60
203.5989075 215.8434753 61
206.8464966 236.5984802 65
185.7887573 283.6878967 32
225.8426361 340.3494568 43
234.3597565 335.0361633 53
212.6894836 277.793335 65
214.4397736 358.5970154 45
157.4136047 310.2650452 41
159.6459351 287.6363831 36
156.3657379 276.8818359 39
151.64151 272.9549255 44
162.5926361 256.7229614 66
160.1521912 223.270813 48
153.7679138 216.668045 54
177.0275421 271.2275391 32
187.9594421 264.4241333 37
198.8527985 239.1120605 70
211.8132935 287.5576477 41
195.9644775 308.9320984 38
200.9249573 301.9972839 39
225.3556519 338.9666748 44
157.9291382 307.940033 40
144.7239838 248.2278595 50
145.0395355 247.0642548 52
145.6705322 247.6723022 53
162.434021 253.7682495 42
155.23909 221.1772156 50
207.3997803 229.7302094 64
211.4531555 286.5793457 40
220.8226013 354.2550659 52
151.4234161 270.3472595 45
148.7431946 247.4404755 60
151.711319 219.3074341 56
207.9320679 234.2166138 66
200.2898102 306.7440491 40
225.6256409 334.8310547 46
218.4728088 349.6357117 55
195.561615 342.1972656 42
155.3655243 279.2828064 41
154.159256 220.1855621 51
183.5495453 206.0685577 65
160.2362213 319.4972839 45
157.4544525 215.9772644 58
154.2658386 278.6819153 42
159.5587921 259.2388 38
157.4262695 220.3183441 63
205.159729 310.5450745 41
224.8470612 337.734375 45
153.5969696 257.5984497 46
148.9651031 250.2196198 62
204.4584808 255.7989044 43
209.3052826 334.2119751 60
191.8186798 239.8277588 41
213.5411377 257.1028137 65
165.9807434 325.7297363 46
164.5604401 300.5220642 64
192.091629 239.0425262 40
146.7632904 250.0932312 56
216.760025 345.978241 56
213.7359772 335.5600891 59
153.2148132 258.0462646 47
198.3920135 327.3797607 62
205.1784515 233.2024231 68
162.4886932 307.554657 62
156.5108948 277.3017273 43
235.9082184 336.2040405 54
200.4673615 347.9069214 43
154.1420898 218.5106659 55
214.6696777 253.3623047 64
147.5452576 251.9987946 58
219.5184174 355.2826233 51
157.5853424 302.7742615 61
149.9701233 246.7397614 59
152.3880463 308.2869568 58
230.6062164 342.2461243 49
155.8517914 305.4569397 56
225.7719116 340.627655 42
146.7130585 248.3356323 57
147.8044128 248.1481171 51
151.8895111 307.0247192 57
234.8876953 327.7293396 55
150.9641724 249.0269012 49
221.236908 299.3575134 47
154.5358429 219.1617126 57
200.4706421 233.3951111 69
147.065094 250.7524109 55
223.3150787 326.3304138 47
205.5484467 297.6174316 63
212.1237793 279.0424194 64
169.2719574 325.8551636 49
208.1905518 329.68927 61
235.0836792 320.6044312 56
200.1514282 343.2561646 44
212.5338135 254.4519958 63
215.8357391 293.0020752 62
159.8131104 306.9527283 60
234.7763977 314.4715881 58
218.5506134 302.6879578 46
217.6289215 335.1248474 58
218.6311646 299.5343018 45
150.6974792 285.5667419 54
231.0175171 337.4179382 51
217.8260498 340.3766174 57
225.9498901 303.3736572 51
216.5640564 301.1204529 60
154.3157349 304.2636108 59
173.3536835 325.9128723 51
152.4888611 249.6678772 63
218.7344666 301.7729492 61
235.3397675 320.5834045 57
230.4080353 341.197876 50
213.4671783 253.2444763 56
228.7887115 311.0433044 59
213.297348 258.5097351 62
219.6029358 308.4981995 44
158.5872803 302.5849304 55
211.8744049 252.1586151 57
241.8108215 324.2557678 54
215.1558075 297.7998047 43
211.29422 252.8562164 55
214.7253418 270.1125488 58
213.072403 255.1731262 60
211.1740417 259.7936401 59
